practicedata <-
structure(list(Participant = 1:20, Gender = structure(c(1L, 2L, 
1L, 1L, 1L, 2L, 2L, 1L, 2L, 1L, 1L, 2L, 2L, 2L, 2L, 2L, 1L, 1L, 
1L, 1L), .Label = c("male", "female"), class = "factor"), Race = structure(c(1L, 
3L, 2L, 4L, 2L, 4L, 4L, 1L, 2L, 4L, 4L, 4L, 1L, 2L, 4L, 3L, 3L, 
1L, 4L, 2L), .Label = c("African", "Asian", "Caucasian", "Hispanic"
), class = "factor"), Age = c(12L, 13L, 14L, 12L, 12L, 13L, 14L, 
14L, 13L, 15L, 16L, 15L, 15L, 14L, 16L, 10L, 11L, 12L, 12L, 11L
), Test = c(50, 66, 75, 78, 44, 57, 78, 56, 87, 56, 55, 90, 68, 
76, 67, 45, 76, 67, 89, 50)), .Names = c("Participant", "Gender", 
"Race", "Age", "Test"), row.names = c(NA, -20L), class = "data.frame")
testscore <-
20:39
